69.0197 72.6653
66.7966 58.2245
88.8314 4.33628
95.7545 30.2823
97.9489 34.6638
93.3677 91.5925
54.5453 9.34837
47.6347 43.5689
57.7247 58.9406
98.8546 2.96858
78.061 59.9828
69.8804 92.8553
48.5264 10.2408
69.4636 59.4298
52.7937 0.23424
70.2253 7.22034
53.078 26.7949
68.1945 21.3673
95.3602 99.0029
56.5443 61.8721
65.5964 9.07767
62.7628 50.2846
95.803 91.5621
54.8649 3.84404
53.1369 0.851784
65.1961 94.7708
52.9523 97.6762
58.2467 72.9301
92.971 60.2005
94.5999 73.9906
72.4809 4.07769
90.2705 11.1251
61.0056 25.0479
80.8592 26.8282
89.1831 78.1712
82.1685 71.7487
88.1981 25.8567
73.2272 95.5713
85.7859 37.4517
89.8861 25.9043
99.8263 78.128
58.6112 50.9111
84.1569 21.8476
56.2944 86.0002
76.2733 91.2569
52.2857 10.7378
59.1728 58.4455
75.6971 63.5085


25.3393 25.3913
39.5285 31.1464
17.4692 71.5685
2.60497 48.7126
9.09988 8.89332
14.2708 35.2092
20.8758 21.3753
25.4624 44.0094
34.9543 57.2543
28.7196 91.7781
35.4068 20.2971
6.41858 49.7911
33.5102 7.11872
27.6529 14.3896
30.7508 86.3291
16.7747 58.4945
7.41913 80.4648
13.6989 96.1819
37.9439 99.7842
1.39171 34.5662
15.6036 23.9771
12.8628 54.6369
9.38421 68.5893
19.8738 3.50828
13.2146 22.3738
21.5794 7.78131
26.6741 56.8361
21.3614 4.82059
38.6695 33.7486
11.442 11.8674
7.75107 54.2164
7.51433 8.97477
5.30983 34.5988
11.6846 77.1448
18.1515 39.4592
43.6703 4.63435
39.8393 49.9314
8.39038 5.84141
0.382416 86.553
34.7428 27.3572
15.3616 72.9162
42.5613 12.7465
18.9062 41.5599
3.08985 68.623
37.9485 74.4284
2.57756 67.8322
30.6568 64.2964
42.3905 86.2522
0.585522 69.6667
12.8364 92.9166
12.2761 53.3393
18.98 85.2558


